caruso <-
structure(c(0L, 708L, 35L, 7L, 47L, 4L, 0L, 9L, 1L, 6L, 2L, 0L, 
0L, 0L, 1L, 5L, 23L, 2L, 4L, 5L, 0L, 42L, 15L, 0L, 3L, 0L, 1L, 
0L, 0L, 20L, 190L, 10L, 2L, 74L, 244L, 0L, 87L, 6L, 3L, 40L, 
31L, 83L, 0L, 0L, 0L, 0L, 0L, 11L, 6L, 0L, 19L, 58L, 66L, 1L, 
75L, 30L, 0L, 1L, 16L, 40L, 69L, 0L, 32L, 4L, 21L, 0L, 238L, 
60L, 104L, 7L, 21L, 2L, 0L, 67L, 0L, 0L, 0L, 0L, 6L, 0L, 1L, 
5L, 49L, 0L, 0L, 28L, 0L, 117L, 0L, 1L, 5L, 16L, 89L, 285L, 32L, 
46L, 0L, 570L, 50L, 0L, 0L, 108L, 1L, 2L, 0L, 0L, 150L, 16L, 
1579L, 874L, 40L, 1826L, 0L, 0L, 1L, 153L, 0L, 0L, 715L, 16L, 
2L, 2L, 0L, 0L, 21L, 17L, 27L, 2L, 209L, 1L, 0L, 7L, 562L, 0L, 
1L, 1L, 0L, 1L, 1L, 1L, 0L, 4L, 0L, 132L, 0L, 1L, 37L, 0L, 3L, 
0L, 0L, 0L, 0L, 0L, 0L, 8L, 1L, 4L, 127L, 5L, 0L, 7L, 0L, 0L, 
2L, 1L, 0L, 1L, 1L, 5L, 0L, 0L, 0L, 0L, 1L, 0L, 1L, 3L, 3L, 63L, 
8L, 0L, 2L, 86L, 0L, 0L, 0L, 1L, 0L, 0L, 1L, 0L, 0L, 0L, 0L, 
66L, 1L, 0L, 7L, 0L, 1L, 48L, 1L, 3L, 0L, 0L, 0L, 0L, 0L, 2L, 
2L, 0L, 1L, 0L, 2L, 13L, 19L, 0L, 1L, 0L, 0L, 0L, 16L, 61L, 99L, 
7L, 0L, 41L, 0L, 1L, 58L, 0L, 0L, 1L, 0L, 0L, 0L, 6L, 0L, 0L, 
1L, 72L, 29L, 0L, 4L, 24L, 0L, 0L, 2L, 4L, 0L, 0L, 26L, 30L, 
0L, 0L, 58L, 7L, 0L, 0L, 30L, 0L, 13L, 0L, 0L, 43L, 0L, 54L, 
1L, 0L, 0L, 2L, 0L, 0L, 3L, 12L, 13L, 3L, 9L, 6L, 2L, 0L, 0L, 
0L, 26L, 254L, 253L, 0L, 6L, 4L, 0L, 211L, 0L, 0L, 25L, 509L, 
0L, 0L, 1L, 0L, 35L, 3L, 594L, 219L, 6L, 1220L, 3L, 2L, 0L, 10L, 
0L, 0L, 799L, 69L, 8L, 2L, 10L, 18L, 8L, 23L, 100L, 26L, 357L, 
0L, 5L, 11L, 359L, 0L, 0L, 0L, 1L, 4L, 2L, 15L, 12L, 1L, 66L, 
0L, 1L, 2L, 140L, 148L, 0L, 0L, 1L, 1L, 0L, 1L, 0L, 0L, 0L, 2L, 
187L, 0L, 72L, 0L, 4L, 573L, 1L, 0L, 0L, 0L, 7L, 0L, 1L, 0L, 
0L, 0L, 8L, 0L, 30L, 5L, 1L, 49L, 0L, 11L, 9L, 42L, 2L, 1L, 0L, 
0L, 3L, 6L, 1L, 0L, 0L, 40L, 0L, 3L, 60L, 0L, 0L, 0L, 0L, 10L, 
0L, 0L, 0L, 0L, 0L, 8L, 0L, 6L, 0L, 0L, 0L, 0L, 0L, 20L, 0L, 
0L, 0L, 2L, 0L, 0L, 0L, 44L, 1L, 1L, 0L, 1L, 0L, 0L, 1L, 0L, 
0L, 6L, 8L, 201L, 100L, 22L, 35L, 20L, 32L, 0L, 4L, 0L, 76L, 
0L, 532L, 0L, 0L, 2L, 0L, 0L, 22L, 0L, 0L, 0L, 0L, 0L, 72L, 0L, 
0L, 0L, 12L, 0L, 0L, 25L, 4L, 0L, 0L, 0L, 9L, 0L, 0L, 4L, 0L, 
0L, 0L, 0L, 0L, 1L, 0L, 0L, 0L, 2L, 0L, 165L, 169L, 0L, 0L, 0L, 
8L, 107L, 0L, 0L, 2L, 3L, 0L, 0L, 0L, 13L, 148L, 18L, 38L, 8L, 
0L, 72L, 0L, 1L, 0L, 6L, 0L, 10L, 16L, 1L, 0L, 5L, 0L, 0L, 0L, 
0L, 3L, 0L, 0L, 0L, 0L, 0L, 79L, 0L, 0L, 0L, 0L, 0L, 0L, 263L, 
0L, 1L, 6L, 0L, 162L, 1L, 0L, 0L, 0L, 476L, 38L, 0L, 1118L, 0L, 
0L, 0L, 0L, 45L, 0L, 0L, 0L, 0L, 70L, 1L, 0L, 17L, 1L, 0L, 0L, 
0L, 30L, 0L, 27L, 71L, 4L, 76L, 1L, 0L, 0L, 0L, 0L, 0L, 136L, 
311L, 14L, 0L, 0L, 1L, 0L, 0L, 0L, 0L, 9L, 12L, 3L, 1L, 4L, 0L, 
13L, 0L, 1L, 29L, 0L, 0L, 0L, 43L, 13L, 13L, 0L, 5L, 1L, 0L, 
1L, 0L, 2L, 2L, 0L, 6L, 51L, 0L, 0L, 2L, 0L, 36L, 1L, 0L, 0L, 
0L, 0L, 0L, 1L, 0L, 0L, 1L, 2L, 61L, 1L, 0L, 1L, 2L, 75L, 0L, 
2L, 0L, 25L, 0L, 1L, 0L, 0L, 1L, 1L, 0L, 43L, 8L, 0L, 1L, 0L, 
0L, 0L, 0L, 0L, 0L, 0L, 0L, 0L, 18L, 0L, 0L, 0L, 0L, 19L, 0L, 
0L, 3L, 0L, 0L, 0L, 6L, 0L, 1L, 0L, 0L, 0L, 8L, 0L, 39L, 85L, 
0L, 0L, 2L, 0L, 4L, 0L, 0L, 12L, 0L, 0L, 0L, 0L, 0L, 2L, 549L, 
0L, 0L, 0L, 438L, 0L, 13L, 26L, 0L, 10L, 20L, 192L, 0L, 6L, 111L, 
0L, 0L, 0L, 0L, 264L, 0L, 4L, 27L, 6L, 18L, 674L, 1L, 0L, 0L, 
0L, 1L, 0L, 80L, 0L, 0L, 277L, 0L, 4L, 0L, 35L, 4L, 181L, 15L, 
10L, 0L, 5L, 0L, 0L, 236L, 0L, 101L, 0L, 0L, 17L, 1L, 50L, 28L, 
0L, 56L, 0L, 0L, 0L, 0L, 7L, 0L, 33L, 8L, 3L, 14L, 0L, 0L, 0L, 
23L, 0L, 0L, 101L, 139L, 2L, 0L, 0L, 25L, 0L, 0L, 0L, 2L, 0L, 
13L, 0L, 7L, 83L, 0L, 0L, 0L, 0L, 4L, 0L, 0L, 0L, 1L, 0L, 29L, 
0L, 2L, 1L, 0L, 5L, 0L, 0L, 0L, 0L, 1L, 1L, 8L, 0L, 0L, 0L, 82L, 
6L, 1L, 0L, 0L, 0L, 0L, 0L, 0L, 0L, 1L, 2L, 117L, 14L, 3L, 11L, 
0L, 19L, 0L, 134L, 4L, 80L, 0L, 13L, 0L, 0L, 0L, 0L, 0L, 61L, 
1L, 0L, 0L, 0L, 0L, 9L, 3L, 55L, 0L, 1L, 0L, 0L, 0L, 0L, 0L, 
2L, 8L, 8L, 0L, 0L, 0L, 5L, 19L, 1L, 12L, 0L, 76L, 0L, 0L, 2L, 
0L, 0L, 110L, 159L, 0L, 0L, 0L, 1L, 2L, 0L, 27L, 109L, 1L, 0L, 
0L, 0L, 1L, 2L, 0L, 33L, 0L, 0L, 12L, 0L, 3L, 1L, 30L, 8L, 21L, 
68L, 6L, 1L, 4L, 0L, 0L, 0L, 0L, 38L, 0L, 0L, 0L, 0L, 0L, 283L, 
0L, 0L, 0L, 0L, 0L, 4L, 7L, 0L, 0L, 251L, 0L, 7L, 0L, 65L, 0L, 
244L, 21L, 38L, 0L, 60L, 0L, 86L, 6L, 75L, 2L, 0L, 0L, 0L, 0L, 
43L, 7L, 0L, 36L, 1L, 0L, 0L, 0L, 4L, 6L, 67L, 3L, 3L, 60L, 0L, 
0L, 0L, 0L, 0L, 0L, 1L, 103L, 0L, 0L, 7L, 43L, 0L, 0L, 0L, 114L, 
0L, 27L), .Dim = c(194L, 5L),