"copepod" <- 
structure(c(503319, 65910, 64584, 56889, 55521, 54296, 47583, 
44504, 42736, 42353, 42156, 37096, 36075, 32254, 31970, 30321, 
30013, 27325, 26906, 22721, 22577, 22423, 18412, 18096, 17912, 
17056, 16784, 16458, 14873, 13344, 13155, 12673, 12248, 12139, 
11137, 10979, 10184, 9896, 9429, 8708, 8400, 7973, 7748, 7274, 
6972, 6899, 6319, 6208, 5704, 5072, 4784, 4561, 4495, 4376, 4376, 
4067, 3908, 3855, 3763, 3722, 3395, 3326, 3304, 3151, 3143, 2976, 
2923, 2823, 2781, 2772, 2704, 2691, 2637, 2602, 2480, 2410, 2345, 
2240, 2168, 2080, 2057, 2016, 1930, 1904, 1872, 1825, 1811, 1776, 
1686, 1608, 1584, 1584, 1481, 1416, 1327, 1323, 1320, 1305, 1295, 
1248, 1232, 1157, 1143, 1099, 1065, 1044, 963, 880, 879, 798, 
789, 784, 782, 771, 768, 753, 746, 736, 728, 720, 714, 683, 680, 
673, 664, 641, 640, 630, 607, 606, 603, 601, 592, 590, 544, 529, 
507, 495, 494, 414, 384, 378, 371, 339, 320, 312, 303, 299, 299, 
290, 288, 288, 272, 272, 264, 264, 264, 264, 264, 259, 257, 253, 
242, 241, 234, 232, 224, 224, 216, 208, 203, 200, 200, 200, 192, 
188, 185, 184, 177, 176, 176, 171, 168, 168, 168, 168, 162, 160, 
155, 152, 152, 144, 137, 136, 131, 128, 126, 126, 122, 120, 120, 
112, 112, 110, 108, 105, 104, 104, 101, 96, 96, 91, 91, 88, 88, 
88, 88, 88, 86, 85, 81, 80, 79, 75, 74, 73, 72, 72, 72, 72, 72, 
66, 64, 64, 64, 57, 56, 56, 56, 56, 56, 54, 49, 49, 49, 49, 48, 
48, 48, 48, 48, 43, 43, 42, 42, 40, 40, 40, 40, 40, 40, 39, 38, 
38, 37, 37, 36, 35, 34, 33, 32, 32, 32, 32, 32, 32, 32, 32, 29, 
28, 26, 25, 24, 24, 24, 24, 24, 24, 24, 24, 24, 24, 24, 24, 21, 
18, 18, 18, 18, 17, 17, 16, 16, 16, 16, 16, 16, 16, 16, 16, 16, 
16, 15, 15, 12, 11, 11, 10, 10, 9, 9, 9, 9, 9, 9, 9, 9, 8, 8, 
8, 8, 8, 8, 8, 8, 8, 8, 8, 8, 8, 8, 8, 8, 8, 8, 8, 8, 8, 8, 8, 
8, 8, 8, 8, 8, 8, 8, 8, 8, 7, 5, 4, 3, 3, 3, 2, 2, 2, 1, 1, 1, 
1, 1, 1, 1, 1, 1, 1), .Dim = 378, .Dimnames = list(c("sp.19000", 
"sp.84001", "sp.12002", "sp.200007", "sp.79001", "sp.19002", 
"sp.203001", "sp.13002", "sp.82004", "sp.73001", "sp.81002", 
"sp.6001", "sp.82002", "sp.200011", "sp.200003", "sp.18001", 
"sp.11001", "sp.82001", "sp.82008", "sp.91013", "sp.91012", "sp.1018", 
"sp.25001", "sp.118045", "sp.200002", "sp.200001", "sp.19012", 
"sp.81003", "sp.14001", "sp.85011", "sp.82003", "sp.55001", "sp.72007", 
"sp.3001", "sp.118044", "sp.200008", "sp.10007", "sp.1005", "sp.92041", 
"sp.3002", "sp.72006", "sp.81007", "sp.48001", "sp.200017", "sp.29008", 
"sp.70021", "sp.73002", "sp.109001", "sp.84005", "sp.25012", 
"sp.25003", "sp.10017", "sp.200009", "sp.70026", "sp.84028", 
"sp.70012", "sp.200006", "sp.26004", "sp.25005", "sp.84018", 
"sp.200005", "sp.103003", "sp.110002", "sp.110003", "sp.85012", 
"sp.81017", "sp.70019", "sp.72031", "sp.82006", "sp.55003", "sp.78023", 
"sp.11003", "sp.45005", "sp.91020", "sp.70004", "sp.72005", "sp.2001", 
"sp.81006", "sp.10018", "sp.86002", "sp.72009", "sp.70002", "sp.29001", 
"sp.27001", "sp.46003", "sp.49002", "sp.55004", "sp.84003", "sp.46001", 
"sp.16001", "sp.38001", "sp.120003", "sp.84011", "sp.84002", 
"sp.10001", "sp.37001", "sp.70001", "sp.72001", "sp.70020", "sp.84007", 
"sp.29006", "sp.85003", "sp.25002", "sp.85010", "sp.91015", "sp.200018", 
"sp.48004", "sp.122001", "sp.92019", "sp.10003", "sp.70003", 
"sp.85022", "sp.128001", "sp.91002", "sp.109010", "sp.66001", 
"sp.12001", "sp.25037", "sp.25010", "sp.72056", "sp.89002", "sp.25000", 
"sp.201002", "sp.67001", "sp.109003", "sp.71005", "sp.70024", 
"sp.85002", "sp.91024", "sp.91017", "sp.109004", "sp.84014", 
"sp.70006", "sp.84004", "sp.29007", "sp.90005", "sp.81005", "sp.46002", 
"sp.67002", "sp.46005", "sp.103001", "sp.85001", "sp.45004", 
"sp.92013", "sp.112001", "sp.72054", "sp.72032", "sp.7001", "sp.46006", 
"sp.200016", "sp.55002", "sp.109020", "sp.55019", "sp.72062", 
"sp.30002", "sp.56001", "sp.103004", "sp.121003", "sp.201001", 
"sp.45002", "sp.91007", "sp.72026", "sp.55028", "sp.90006", "sp.109011", 
"sp.78016", "sp.13006", "sp.15001", "sp.25006", "sp.91008", "sp.92036", 
"sp.26006", "sp.59046", "sp.200020", "sp.72002", "sp.66002", 
"sp.45001", "sp.200010", "sp.72000", "sp.72046", "sp.85007", 
"sp.88001", "sp.25032", "sp.55023", "sp.72045", "sp.91031", "sp.73003", 
"sp.92029", "sp.94001", "sp.92021", "sp.201000", "sp.38002", 
"sp.80001", "sp.202002", "sp.67008", "sp.30006", "sp.90003", 
"sp.92027", "sp.10004", "sp.29011", "sp.72024", "sp.25035", "sp.46018", 
"sp.92015", "sp.55025", "sp.39001", "sp.26003", "sp.84010", "sp.118002", 
"sp.72034", "sp.109002", "sp.92002", "sp.92024", "sp.25026", 
"sp.78006", "sp.81019", "sp.85008", "sp.109024", "sp.14002", 
"sp.62001", "sp.55006", "sp.72064", "sp.83001", "sp.46013", "sp.47003", 
"sp.91025", "sp.72065", "sp.72066", "sp.89001", "sp.92031", "sp.92069", 
"sp.92033", "sp.55027", "sp.109009", "sp.131005", "sp.76008", 
"sp.25028", "sp.57001", "sp.67003", "sp.72043", "sp.92004", "sp.45003", 
"sp.92003", "sp.92034", "sp.92058", "sp.93001", "sp.45009", "sp.70008", 
"sp.82005", "sp.111007", "sp.202000", "sp.92011", "sp.93003", 
"sp.60004", "sp.111001", "sp.41001", "sp.47023", "sp.67007", 
"sp.92026", "sp.92070", "sp.111006", "sp.101004", "sp.45030", 
"sp.55005", "sp.55022", "sp.96001", "sp.46011", "sp.109006", 
"sp.41017", "sp.72004", "sp.17001", "sp.48002", "sp.59001", "sp.72030", 
"sp.72058", "sp.84015", "sp.92008", "sp.92049", "sp.45006", "sp.99004", 
"sp.200015", "sp.60003", "sp.22001", "sp.37000", "sp.41009", 
"sp.54004", "sp.70025", "sp.84031", "sp.90001", "sp.92056", "sp.102001", 
"sp.111003", "sp.131001", "sp.202001", "sp.37002", "sp.55020", 
"sp.92038", "sp.200012", "sp.200013", "sp.55024", "sp.87001", 
"sp.25036", "sp.29000", "sp.45000", "sp.71002", "sp.76000", "sp.76002", 
"sp.91004", "sp.92006", "sp.101002", "sp.131002", "sp.202003", 
"sp.61001", "sp.101003", "sp.47008", "sp.60006", "sp.92010", 
"sp.30012", "sp.101006", "sp.46009", "sp.46025", "sp.55031", 
"sp.91009", "sp.92000", "sp.92048", "sp.101005", "sp.200000", 
"sp.8003", "sp.25038", "sp.41002", "sp.41004", "sp.41010", "sp.41016", 
"sp.53003", "sp.54001", "sp.56000", "sp.57002", "sp.58000", "sp.58004", 
"sp.66005", "sp.70005", "sp.72035", "sp.85018", "sp.85023", "sp.88003", 
"sp.91011", "sp.91026", "sp.92014", "sp.92028", "sp.92050", "sp.92053", 
"sp.92055", "sp.92063", "sp.93002", "sp.95001", "sp.109005", 
"sp.111004", "sp.111012", "sp.204001", "sp.10002", "sp.15002", 
"sp.72049", "sp.1001", "sp.55017", "sp.59010", "sp.87002", "sp.101000", 
"sp.200014", "sp.8001", "sp.10005", "sp.59012", "sp.61003", "sp.92005", 
"sp.92022", "sp.96002", "sp.101001", "sp.200004", "sp.200019"
)), class = c("count", "table"))
