"ostracod" <- 
structure(c(102035, 74441, 74349, 69792, 51500, 49219, 48029, 
41197, 39614, 36326, 35397, 33428, 33375, 31653, 28876, 26848, 
26333, 22834, 21041, 17515, 16449, 15291, 14310, 13961, 13534, 
13280, 12768, 11372, 11215, 9861, 9133, 9066, 8802, 8626, 8407, 
8225, 7778, 6646, 5862, 5563, 5016, 4692, 4369, 3933, 3661, 3615, 
3571, 3543, 3331, 3308, 3251, 2920, 2562, 2376, 2150, 2148, 2105, 
1949, 1943, 1941, 1779, 1550, 1405, 1242, 994, 993, 952, 938, 
933, 844, 843, 826, 794, 763, 746, 726, 667, 626, 567, 555, 549, 
469, 402, 385, 337, 260, 196, 188, 184, 148, 130, 121, 73, 72, 
66, 60, 60, 52, 49, 46, 42, 37, 33, 32, 29, 27, 26, 25, 22, 17, 
13, 13, 12, 12, 11, 11, 10, 6, 6, 6, 6, 3, 3, 2, 2, 2, 2, 1, 
1), .Dim = 129, .Dimnames = list(c("o010650", "o010402", "o010500", 
"o010400", "o010551", "o010653", "o010556", "o010350", "o010550", 
"o010053", "o010000", "o010450", "o010100", "o010750", "o010001", 
"o010054", "o010808", "o010700", "o010812", "o010553", "o010815", 
"o010810", "o010052", "o007001", "o010102", "o010103", "o010811", 
"o010558", "o010701", "o010453", "o010002", "o010003", "o010201", 
"o008001", "o010802", "o004004", "o010452", "o010101", "o010827", 
"o010009", "o010005", "o010008", "o010817", "o010055", "o010602", 
"o010805", "o010557", "o010652", "o010150", "o010818", "o010816", 
"o010010", "o010250", "o010813", "o010552", "o010456", "o010403", 
"o010807", "o010800", "o010011", "o010502", "o010105", "o004005", 
"o007002", "o001001", "o010559", "o010600", "o010016", "o010013", 
"o010555", "o010006", "o010200", "o010804", "o010503", "o004003", 
"o010703", "o010300", "o010153", "o010050", "o010258", "o010560", 
"o004001", "o002001", "o009001", "o010821", "o010604", "o010251", 
"o005001", "o010015", "o010824", "o004002", "o010803", "o010609", 
"o010154", "o010253", "o004006", "o010610", "o004000", "o010451", 
"o010254", "o010809", "o004009", "o004012", "o010152", "o010850", 
"o010606", "o001002", "o010806", "o004016", "o007000", "o010305", 
"o010608", "o004007", "o010401", "o010151", "o010607", "o010257", 
"o006000", "o009002", "o010504", "o010554", "o004014", "o010256", 
"o004013", "o010007", "o010655", "o010829", "o004020", "o010801"
)), class = c("count", "table"))
